3,2
10,86
10,184
10,148
10,212
10,296
10,120
10,118
10,2
10,3
9,7
8,13
8,16
8,5
8,15
8,7
8,17
55,4
55,3
55,2
55,1
55,0
54,3
54,2
54,1
54,0
53,3
53,2
53,1
53,0
52,5
52,4
52,3
52,2
52,1
52,0
51,4
51,3
51,2
51,1
51,0
49,5
49,4
49,3
49,2
49,1
32,3
32,1
20,3
20,2
20,1
19,3
19,2
19,1
12,3
12,2
12,1
11,29
11,28
11,27
11,26
11,25
11,24
11,23
11,22
11,21
11,20
11,19
11,18
11,17
11,16
11,15
11,14
11,13
11,12
11,11
11,10
11,9
11,8
11,7
11,6
11,5
11,4
11,3
11,2
11,1
10,308
10,302
10,300
10,298
10,295
10,292
10,289
10,277
18,1
10,271
18,3
14,1
10,270
14,3
13,1
10,266
13,3
10,260
10,249
10,244
10,232
10,231
